global_wasserstein=0.753978
global_ks=0.013659
global_p=0.994164
coverage=0.950000
combo_pass_rate=1.000000
mean_combo_pct_err=0.303969
overall=PASS
