global_wasserstein=0.160615
global_ks=0.014719
global_p=0.999686
coverage=1.000000
combo_pass_rate=1.000000
mean_combo_pct_err=0.260421
overall=PASS
